14,2
14,0
241,2
241,0
0,278
240,2
240,0
81,1
81,3
68,4
73,1
73,3
72,4
74,1
74,3
0,9
83,4
79,2
203,2
201,2
198,2
197,2
195,2
0,480
0,410
71,1
71,3
396,52
396,51
396,50
396,49
396,48
396,47
396,46
396,45
396,44
396,43
396,42
396,41
396,40
396,39
396,38
396,37
396,36
66,4
195,1
195,3
69,1
69,3
70,1
70,3
67,1
67,3
65,1
65,3
396,35
66,1
66,3
68,1
68,3
14,5
13,1
13,3
358,3
358,2
358,1
358,0
357,3
357,2
357,1
357,0
356,3
356,2
356,1
356,0
355,3
355,2
355,1
355,0
354,3
354,2
354,1
354,0
353,3
353,2
353,1
353,0
352,4
352,3
352,2
352,1
352,0
351,16
351,15
351,14
351,13
351,12
351,11
351,10
351,9
351,8
351,7
351,6
351,5
351,4
351,3
351,2
351,1
351,0
350,8
350,7
350,6
350,5
350,4
350,3
350,2
350,1
350,0
349,5
349,4
349,3
349,2
349,1
349,0
348,91
348,90
348,1
